 -------------------------------------------------------------------
| ID        Entered (VTU)    Exited (VTU)     Total (VTU)   # Shots |
 -------------------------------------------------------------------

  4                     0            1553             371        15
  1                     0            2392             519        20
  5                     0            3054             922        28
  3                     0            3242             838        27
  2                     0            3248             848        25
  8                  3248            4836             341        16
  7                  3248            5436             400        17
  10                 3248            5766             512        18
  15                 5766            6411             338        18
  16                 6411            6778             271        13
  19                 6778            7464             141         7
  23                 7464            7638             106         5
  22                 6778            8007             365        17
  25                 8007            8147              81         4
  18                 6778            8372             371        16
  27                 8372            8942             349        17
  17                 5766            9262             478        18
  29                 9262            9535             222        11
  30                 9535            9877             206        10
  28                 8942            9932             368        15
  13                 4836           10225             726        27
  32                 9932           10376             256        12
  20                 6778           10948             374        15
  34                10948           11510             358        16
  35                11510           11800             170         9
  24                 7638           12129             570        19
  6                  3248           12268             303        12
  36                11800           12343             316        13
  37                12268           13029             388        15
  38                12343           13069             354        14
  33                10376           13101             406        16
  31                13029           13537             349        14
  21                10225           13660             622        23
  39                13660           14275             260        13
  26                13537           14439             323        14
  42                14439           14740             232        12
  41                13660           14842             237        11
  44                14740           14918             143         7
  40                13660           15083             534        23
  45                15083           15458             260        13
  43                14842           15587             338        13
  46                15458           16160             327        17
  49                15587           16175             230        11
  50                16175           16494             157         8
  51                16175           16565             208         9
  53                16494           17071             267        12
  55                17071           17561             304        14
  56                17561           17924             295        14
  52                16175           18155             347        13
  60                18155           18414             128         6
  54                17071           18605             311        15
  59                18155           18619             234        12
  48                15587           18738             400        16
  47                15587           18752             439        18
  58                18155           19241             451        19
  9                  3248           20366             877        27
  11                 3248           20405             974        25
  12                 3248           20975             923        28
  14                 5436           20985            1023        32
  62                20985           21676              95         5
  65                20985           21998             144         7
  71                20985           22038             142         7
  61                20985           22428             212        10
  70                20985           22573             190        10
  69                20985           22736             238        11
  73                21998           23194             159         8
  78                22428           23482             167         8
  75                21998           23807             275        14
  76                21998           24034             355        17
  79                22573           24048             257        13
  82                23482           24107             133         7
  80                22736           24374             315        16
  81                23194           24407             255        12
  83                23807           24796             218        10
  84                24034           24943             176         9
  85                24048           25224             248        12
  86                24107           25347             254        13
  88                24407           25362             224        10
  87                24374           25506             250        12
  89                24796           25709             195         9
  90                24943           26086             269        14
  91                25224           26193             316        15
  93                25362           26209             263        13
  94                26193           26715             334        17
  99                26715           27077             169         8
  98                26715           27108             185         9
  97                26715           27142             173         9
  100               27077           27622             216        11
  101               27108           27636             234        11
  102               27142           27746             249        12
  104               27636           27948             133         6
  106               27948           28237             132         6
  105               27746           28444             288        13
  103               27622           28448             324        16
  67                20985           28551             253        12
  108               28444           28804             173         9
  111               28804           29272             285        14
  109               28448           29414             268        13
  113               29414           29689             191         9
  114               29689           30070             309        15
  115               30070           30288             158         8
  68                20985           30442             213         9
  66                20985           30567             377        16
  72                21998           30623             211        10
  96                26209           31274             281        13
  110               28551           31744             269        11
  107               28237           31886             299        12
  63                20985           31942             382        14
  74                21998           31993             412        17
  92                25347           32037             386        15
  95                25506           32071             410        15
  112               29272           32086             363        15
  64                20985           32710             636        19
  77                22038           32834             786        23
  57                17924           33470            1340        39
  120               33470           33892              88         5
  118               33470           34192             197        10
  117               33470           34492             423        20
  119               33470           34572             333        16
  126               34572           36077             196         9
  123               34572           36192             221        10
  130               34572           36502             211        11
  125               34572           36622             245        12
  121               34572           37056             302        15
  128               34572           37172             280        15
  133               36192           37323             131         6
  129               34572           37522             358        17
  132               36192           38276             276        14
  136               36622           38433             241        13
  139               37522           38672             268        13
  141               37522           38716             305        15
  146               38716           39139             150         8
  145               38716           39193             153         8
  148               39193           39377             116         6
  149               39377           39580             142         7
  137               36622           39759             325        15
  147               39139           39989             168         8
  151               39759           40098             249        12
  153               40098           40407             224        11
  152               39989           40451             291        15
  124               34572           40807             394        19
  156               40807           41028             162         8
  134               36192           41490             189         8
  138               36622           41776             406        18
  143               38716           41915             280        13
  157               41028           42032             287        14
  127               34572           42217             346        15
  160               42032           42603             338        16
  116               33470           43058             451        19
  163               42603           43126             381        19
  122               34572           44180             463        20
  131               36077           44378             328        14
  167               44378           44582             148         7
  162               42217           44935             293        13
  155               40451           45225             326        12
  135               36622           45287             408        16
  150               39580           45328             348        13
  158               41490           45356             299        13
  144               38716           45457             299        12
  171               45457           45715             116         6
  172               45715           45810              68         4
  168               44582           45973             228        10
  140               37522           46870             422        16
  142               37522           47181             451        16
  178               46870           47473             266        13
  159               41776           47593             502        20
  166               44180           47660             361        15
  161               42217           47721             341        15
  180               47660           47884             160         8
  181               47884           47997              50         3
  184               47997           48452             278        14
  164               43058           48680             381        15
  170               45457           48722             229        11
  176               46870           48843             365        17
  165               43126           49153             516        19
  173               45810           49189             263        11
  174               45810           49348             278        12
  175               45973           49424             241        12
  186               49424           49863             156         8
  189               49424           50774             370        17
  188               49424           51195             321        13
  187               49424           51341             292        12
  190               49863           51497             406        18
  185               49424           51948             517        18
  194               51497           52475             301        12
  193               51341           52546             347        14
  195               51948           52976             339        15
  196               52475           53649             329        14
  191               52546           53912             478        17
  198               52546           53972             490        18
  199               53912           54390             304        15
  192               50774           55097             585        22
  154               40407           55162             589        22
  201               55162           55585             104         5
  203               55162           55990             244        12
  202               55162           56182             277        14
  204               55162           56451             330        16
  211               56182           57186             163         9
  207               55990           57490             301        15
  209               56182           57650             290        14
  206               55990           57666             339        17
  213               57186           58076             313        15
  210               56182           58606             427        19
  212               56451           58754             396        17
  216               58754           59035             187         9
  205               55585           59257             440        18
  217               59035           59426             204        10
  214               57490           59479             318        13
  222               59479           59875             121         7
  220               59257           60664             332        15
  208               56182           60685             392        16
  224               60685           60904             151         8
  223               59479           61046             266        11
  219               59257           61334             401        16
  228               61334           61749             293        14
  218               59257           61788             417        16
  227               61046           61968             325        15
  229               61788           62315             343        16
  230               61968           62773             421        18
  231               62315           62801             261        12
  225               60904           62876             420        16
  232               62801           63200             260        10
  183               47884           63268             576        21
  169               45457           63705             469        16
  233               63705           64036             184         9
  226               63200           64190             417        18
  234               63705           64280             339        16
  235               64036           64566             340        17
  177               46870           64726             482        17
  182               47884           65053             540        19
  197               52546           65255             601        20
  215               58606           65331             611        22
  200               55162           65504             603        21
  221               59479           65695             689        20
  179               47181           65863             977        25
