 -------------------------------------------------------------------------------------
| Time (VTU's) Used (UM) Free (UM)     # Job_Q   # Blocked_Q   # Ready_Q   Total Jobs |
 -------------------------------------------------------------------------------------

             0       512         0           0             0           0            0
             0       329       183           0             4           0            1
           200       329       183           0             4           0           11
           400       329       183           0             4           0           21
           600       329       183           0             4           0           31
           800       329       183           0             3           1           38
          1000       329       183           0             3           1           45
          1200       329       183           0             4           0           54
          1400       329       183           0             4           0           61
          1600       333       179           0             3           0           69
          1800       333       179           0             3           0           76
          2000       333       179           0             2           1           81
          2200       333       179           0             3           0           85
          2400       353       159           0             2           0           90
          2600       353       159           0             2           0           94
          2800       353       159           0             2           0           99
          3000       353       159           0             1           1          105
          3200       424        88           0             1           0          113
          3400        43       469           0             6           0          124
          3600        43       469           0             6           0          134
          3800        43       469           0             6           0          145
          4000        43       469           0             6           0          155
          4200        43       469           0             6           0          163
          4400        43       469           0             6           0          171
          4600        43       469           0             6           0          179
          4800        43       469           0             6           0          186
          5000        48       464           0             6           0          195
          5200        48       464           0             6           0          202
          5400        48       464           0             5           1          211
          5600        51       461           2             6           0          219
          5800        43       469           1             7           0          227
          6000        43       469           1             7           0          239
          6200        43       469           1             7           0          249
          6400        43       469           1             6           1          257
          6600        39       473           0             6           1          268
          6800        60       452           1             9           1          278
          7000        60       452           1            10           0          289
          7200        60       452           1             8           2          301
          7400        60       452           1            10           0          313
          7600        56       456           1             9           1          324
          7800        56       456           1            10           0          332
          8000        56       456           1            10           0          340
          8200        66       446           2             9           0          349
          8400        45       467           2             7           2          359
          8600        45       467           2             8           1          369
          8800        45       467           2             9           0          378
          9000        45       467           2             8           1          389
          9200        45       467           2             8           1          397
          9400        55       457           2             9           0          407
          9600        35       477           2             8           1          418
          9800        35       477           2             9           0          428
         10000        86       426           3             8           0          436
         10200        86       426           3             8           0          445
         10400        45       467           2             8           0          457
         10600        45       467           2             8           0          467
         10800        45       467           2             8           0          475
         11000        27       485           2             8           0          484
         11200        27       485           2             8           0          494
         11400        27       485           2             7           1          501
         11600        28       484           2             7           1          509
         11800        26       486           2             8           0          518
         12000        26       486           2             7           1          526
         12200        40       472           2             6           1          532
         12400        94       418           2             5           2          541
         12600        94       418           2             5           2          549
         12800        94       418           2             6           1          558
         13000        94       418           2             7           0          565
         13200        39       473           1             4           1          576
         13400        39       473           1             5           0          582
         13600        35       477           0             4           1          588
         13800        61       451           1             6           1          602
         14000        61       451           1             7           0          614
         14200        61       451           1             6           1          626
         14400        75       437           1             6           0          636
         14600        79       433           0             6           0          646
         14800       174       338           1             5           1          658
         15000        30       482           0             5           0          671
         15200        37       475           0             3           2          680
         15400        37       475           0             5           0          691
         15600       156       356           0             6           1          702
         15800       156       356           0             7           0          713
         16000       156       356           0             6           1          725
         16200        31       481           0             8           0          737
         16400        31       481           0             8           0          748
         16600        40       472           0             6           1          761
         16800        40       472           0             7           0          771
         17000        40       472           0             7           0          778
         17200        47       465           0             7           1          790
         17400        47       465           0             7           1          801
         17600        27       485           0             8           0          811
         17800        27       485           0             8           0          822
         18000        27       485           0             8           0          834
         18200        85       427           0            10           0          845
         18400        85       427           0             9           1          858
         18600       115       397           0             8           1          870
         18800       203       309           0             5           0          878
         19000       203       309           0             5           0          885
         19200       203       309           0             4           1          892
         19400       217       295           0             4           0          897
         19600       217       295           0             3           1          901
         19800       217       295           0             3           1          906
         20000       217       295           0             4           0          910
         20200       217       295           0             4           0          916
         20400       281       231           0             3           0          921
         20600       348       164           0             2           0          925
         20800       348       164           0             2           0          933
         21000        41       471           0            10           1          943
         21200        41       471           0            11           0          956
         21400        41       471           0            11           0          967
         21600        41       471           0            10           1          980
         21800       146       366           0            10           0          992
         22000        59       453           0            13           1         1004
         22200        59       453           0            14           0         1017
         22400        59       453           0            13           1         1028
         22600       140       372           0            14           0         1040
         22800       120       392           0            14           0         1051
         23000       120       392           0            14           0         1061
         23200       104       408           0            14           0         1076
         23400       104       408           0            14           0         1086
         23600       104       408           0            14           0         1098
         23800       104       408           0            13           1         1110
         24000       104       408           0            13           1         1125
         24200        51       461           0            13           1         1138
         24400        71       441           0            13           1         1149
         24600        91       421           0            14           0         1162
         24800        95       417           0            14           0         1175
         25000        97       415           0            12           2         1187
         25200        97       415           0            14           0         1199
         25400        77       435           0            14           0         1211
         25600         8       504           1            14           0         1224
         25800        18       494           1            13           0         1234
         26000        18       494           1            13           0         1246
         26200        48       464           0            12           0         1259
         26400        47       465           0            12           0         1270
         26600        47       465           0            11           1         1281
         26800       100       412           0            14           0         1293
         27000       100       412           0            14           0         1305
         27200        83       429           0            14           0         1317
         27400        83       429           0            13           1         1329
         27600        83       429           0            13           1         1342
         27800        93       419           0            13           1         1354
         28000        93       419           0            14           0         1366
         28200        93       419           0            14           0         1377
         28400        97       415           0            14           0         1388
         28600       136       376           0            13           1         1401
         28800       136       376           0            14           0         1412
         29000       119       393           0            13           1         1423
         29200       119       393           0            12           2         1435
         29400       120       392           0            13           1         1446
         29600       119       393           0            12           2         1458
         29800       120       392           0            13           1         1467
         30000       120       392           0            13           1         1479
         30200        29       483           0            14           0         1490
         30400       134       378           0            12           1         1499
         30600       175       337           0            11           0         1508
         30800       206       306           0            10           0         1516
         31000       206       306           0             9           1         1525
         31200       206       306           0            10           0         1532
         31400       237       275           0             9           0         1541
         31600       237       275           0             9           0         1550
         31800       247       265           0             7           1         1559
         32000       297       215           0             5           0         1568
         32200       416        96           0             2           0         1576
         32400       416        96           0             2           0         1582
         32600       416        96           0             2           0         1586
         32800       472        40           0             1           0         1590
         33000       482        30           0             0           0         1594
         33200       482        30           0             0           0         1603
         33400       482        30           0             0           0         1610
         33600       371       141           0             3           1         1621
         33800       371       141           0             3           1         1634
         34000       381       131           0             2           1         1647
         34200       412       100           0             2           0         1658
         34400       412       100           0             2           0         1669
         34600         3       509           0            10           0         1679
         34800         3       509           0            10           0         1690
         35000         3       509           0            10           0         1700
         35200         3       509           0            10           0         1715
         35400         3       509           0            10           0         1726
         35600         3       509           0            10           0         1737
         35800         3       509           0             9           1         1751
         36000         3       509           0            10           0         1761
         36200        41       471           0            12           0         1773
         36400        41       471           0            12           0         1786
         36600       153       359           0            10           1         1797
         36800       105       407           0            13           1         1808
         37000       105       407           0            14           0         1821
         37200       166       346           0            12           0         1833
         37400       176       336           0            10           1         1845
         37600       213       299           0            14           0         1858
         37800       213       299           0            13           1         1869
         38000       213       299           0            13           1         1880
         38200       213       299           0            14           0         1892
         38400       244       268           0            13           0         1904
         38600       257       255           0            12           0         1915
         38800       134       378           0            14           0         1927
         39000       134       378           0            13           1         1940
         39200       149       363           0            14           0         1953
         39400        58       454           0            13           1         1966
         39600       132       380           0            12           2         1979
         39800       118       394           0            14           0         1989
         40000       135       377           0            13           1         2000
         40200       149       363           0            13           1         2013
         40400       149       363           0            14           0         2025
         40600       135       377           0            14           0         2039
         40800       135       377           0            14           0         2048
         41000       131       381           0            13           1         2057
         41200        67       445           0            14           0         2068
         41400        67       445           0            14           0         2078
         41600        46       466           0            13           1         2088
         41800        30       482           0            14           0         2097
         42000        40       472           0            13           0         2107
         42200       115       397           0            13           0         2118
         42400       105       407           0            13           1         2131
         42600       105       407           0            14           0         2142
         42800        94       418           0            13           1         2155
         43000        94       418           0            14           0         2165
         43200       101       411           0            14           0         2175
         43400       101       411           0            13           1         2184
         43600       101       411           0            13           1         2194
         43800       101       411           0            13           1         2200
         44000       101       411           0            14           0         2208
         44200        79       433           0            14           0         2216
         44400        62       450           0            14           0         2226
         44600        79       433           0            14           0         2235
         44800        79       433           0            13           1         2247
         45000       111       401           0            12           1         2255
         45200       111       401           0            13           0         2264
         45400       216       296           0             8           1         2274
         45600        30       482           0            11           0         2287
         45800       167       345           0            10           1         2298
         46000       137       375           0            12           0         2310
         46200       137       375           0            11           1         2320
         46400       137       375           0            12           0         2327
         46600       137       375           0            12           0         2336
         46800       137       375           0            12           0         2344
         47000        81       431           0            13           1         2354
         47200        76       436           0            13           1         2366
         47400        76       436           0            14           0         2378
         47600       136       376           0            12           0         2389
         47800        13       499           0            11           0         2399
         48000        28       484           0            13           0         2413
         48200        28       484           0            11           2         2426
         48400        28       484           0            13           0         2436
         48600        59       453           0            12           0         2446
         48800        85       427           0            10           0         2455
         49000       115       397           0             9           0         2462
         49200       171       341           0             5           2         2474
         49400       201       311           0             6           0         2482
         49600        22       490           0             9           1         2494
         49800        22       490           0             9           1         2506
         50000        24       488           0             9           1         2519
         50200        24       488           0             8           2         2530
         50400        24       488           0            10           0         2538
         50600        24       488           0            10           0         2547
         50800        38       474           1            10           0         2556
         51000        38       474           1            10           0         2567
         51200        52       460           2             9           0         2576
         51400        36       476           1             9           0         2583
         51600        63       449           1             8           1         2593
         51800        63       449           1             8           1         2603
         52000        94       418           1             8           1         2612
         52200        94       418           1             7           2         2620
         52400        94       418           1             8           1         2628
         52600        32       480           0            10           1         2639
         52800        32       480           0            11           0         2651
         53000        46       466           0            10           0         2660
         53200        46       466           0             9           1         2667
         53400        46       466           0            10           0         2675
         53600        46       466           0            10           0         2683
         53800        49       463           0             8           1         2691
         54000       101       411           0             7           1         2701
         54200       101       411           0             7           1         2709
         54400       206       306           0             7           0         2717
         54600       206       306           0             7           0         2721
         54800       206       306           0             7           0         2726
         55000       206       306           0             7           0         2732
         55200        42       470           0             9           1         2739
         55400        42       470           0             9           1         2751
         55600        44       468           0            10           0         2763
         55800        44       468           0            10           0         2776
         56000        39       473           0            11           0         2790
         56200        25       487           0            13           1         2802
         56400        25       487           0            13           1         2815
         56600        23       489           0            13           1         2827
         56800        23       489           0            13           1         2839
         57000        23       489           0            14           0         2850
         57200        99       413           0            13           1         2863
         57400        99       413           0            13           1         2875
         57600       112       400           0            14           0         2888
         57800       127       385           0            10           2         2899
         58000       127       385           0            11           1         2909
         58200       141       371           0            11           0         2918
         58400       141       371           0            10           1         2926
         58600       141       371           0            10           1         2933
         58800        36       476           0            11           0         2945
         59000        36       476           0            10           1         2957
         59200        36       476           0            11           0         2967
         59400        20       492           0            13           0         2978
         59600         2       510           0            13           1         2992
         59800         2       510           0            14           0         3004
         60000         7       505           0            13           0         3014
         60200         7       505           0            13           0         3023
         60400         7       505           0            12           1         3031
         60600         7       505           0            13           0         3039
         60800        42       470           0            12           0         3049
         61000        27       485           0            12           0         3061
         61200        73       439           1            12           0         3071
         61400        58       454           1            12           0         3081
         61600        58       454           1            12           0         3091
         61800        58       454           1            11           0         3102
         62000        63       449           1            11           0         3114
         62200        63       449           1            11           0         3126
         62400        63       449           1            11           0         3137
         62600        63       449           1            11           0         3148
         62800        68       444           1            10           0         3155
         63000        95       417           1             8           1         3164
         63200        18       494           0             9           0         3171
         63400        32       480           0             7           1         3180
         63600        32       480           0             7           1         3189
         63800       127       385           0             7           2         3199
         64000       127       385           0             8           1         3209
         64200       223       289           0             8           0         3221
         64400       228       284           0             7           0         3230
         64600       242       270           0             6           0         3242
         64800       252       260           0             4           1         3250
         65000       252       260           0             5           0         3255
         65200       357       155           0             3           1         3261
         65400       479        33           0             2           0         3267
         65600       493        19           0             1           0         3272
         65800       498        14           0             0           0         3277
